900
23
95
28
58
56
10
100
81
18
68
58
92
7
84
74
90
28
82
28
33
101
99
61
84
66
51
64
50
36
68
67
71
6
27
34
12
62
63
35
47
42
102
91
51
37
41
8
56
58
49
39
12
99
69
7
65
12
95
31
79
75
38
63
20
31
26
84
67
42
72
47
53
88
23
9
33
39
71
73
80
37
25
94
49
72
29
36
63
28
57
44
80
51
10
86
40
39
97
76
93
15
50
60
6
11
65
49
58
48
97
95
76
55
53
90
81
93
49
70
101
61
46
18
44
68
69
29
80
42
61
81
30
69
61
80
43
90
77
39
35
34
23
35
86
96
80
43
43
23
83
78
42
78
20
61
64
77
29
5
92
63
85
47
73
6
24
45
85
49
39
7
53
48
44
15
66
63
47
29
5
94
18
55
86
82
29
27
81
48
87
101
92
80
83
17
60
5
94
77
49
70
24
90
69
20
32
92
43
97
78
44
65
15
72
99
73
29
70
88
92
65
21
46
102
72
75
85
56
10
11
75
33
30
84
82
61
22
41
73
102
78
11
31
5
89
80
97
4
21
63
91
41
89
102
75
85
70
13
82
11
96
8
13
82
35
44
28
81
95
32
17
26
77
66
68
11
62
5
14
20
48
70
65
90
58
16
58
79
58
58
72
90
72
19
93
70
19
57
42
67
16
22
81
7
98
26
45
38
56
60
37
78
67
60
52
5
93
95
91
32
94
97
5
26
31
27
34
49
53
33
24
41
19
21
48
21
36
38
23
76
62
89
5
41
83
32
17
13
17
99
63
35
26
93
61
8
101
98
80
62
30
98
7
29
75
18
15
38
21
3
102
55
91
87
86
79
45
76
58
32
17
94
64
56
80
46
13
39
92
40
72
45
32
78
42
27
94
75
16
93
87
12
32
66
87
90
54
61
23
88
62
69
79
48
42
53
12
82
61
52
58
25
76
5
50
53
98
36
7
28
10
32
61
65
98
68
86
61
75
98
18
49
74
30
75
65
95
86
68
29
58
5000478236016
5001828913838
5001621435755
5002050737502
5001780145411
5000161752673
5002010361656
5001788134141
5001284351669
5001740364886
5001585366862
5001431241305
5000908283088
5001200097140
5000866219356
5000757073279
5000289991678
5001249737103
5001941422461
5000620769509
5000797580637
5000344841485
5001839958789
5000422849923
5000815267938
5001262566106
5000662627535
5002078271050
5000680018895
5000169598931
5000738433748
5000548006623
5001937434425
5000165841514
5002012035639
5002005479011
5001329898212
5000589451108
5000562708545
5002072018074
5000812949966
5000959116348
5000856206454
5002121437478
5000328701605
5001159935151
5000173535391
5000326523911
5001066654092
5000061839088
5002094950515
5001838913040
5000026815656
5001866648169
5000167177360
5000841279244
5000347922060
5002075575286
5000469469934
5000526261660
5001542061274
5001591180122
5000350454363
5001686318867
5001619508210
5001866743392
5001767590321
5001749236096
5000359938042
5000017238295
5001961215367
5000420175366
5000961145026
5000592459248
5001728393644
5000100681739
5002088357184
5000546464920
5001795835868
5001878258538
5002029120913
5001394870431
5001655843165
5000515492682
5000936474376
5000417188569
5000154171728
5001298954214
5000204719296
5000448405378
5000829070723
5001317739725
5000252706564
5001664051029
5001026109522
5001529050844
5001968215106
5002100671801
5001359802727
5000683461315
5000044293402
5001409865552
5000275771466
5000621318836
5001440184938
5000900067629
5000561831135
5000210290086
5001734876087
5001676918890
5000400401002
5001473374563
5000372346784
5000265051330
5000836619432
5001487356715
5001294657925
5001011434071
5001839365292
5001185364079
5000208282534
5000206204328
5001785018085
5000452406005
5001495615655
5000516225450
5000367204270
5001881648059
5001014741891
5001599321210
5001886250618
5001060539712
5000376669484
5002049709879
5001688754826
5001758481830
5001134166796
5000876489600
5001570372427
5000675358959
5001306949518
5001437807510
5001744824526
5001376608697
5001821041348
5000304998792
5000071231755
5001043714906
5001069996446
5000402207944
5001777877699
5000703022735
5000248081351
5001237507430
5000408254815
5000328423540
5000781463990
5000055294878
5001628079042
5002035312467
5000229619806
5000191965783
5000848477087
5001062985129
5000674603710
5001498381457
5001903903077
5001392674839
5001261750420
5001985778462
5000935252807
5001361114856
5001261576948
5001217718205
5000670715525
5000574165572
5001356742633
5000792068985
5000052303142
5000738095971
5001313439525
5000993689162
5002100906662
5001012144260
5000890609933
5000520124341
5001471355897
5000804365674
5000564325053
5001323380619
5000569931554
5001062562458
5000013223154
5001050733637
5000922207778
5001156644447
5000701248085
5000486309859
5000087039731
5000440395310
5001495327608
5002117470462
5000227056750
5000064356531
5001455942076
5001589797414
5000733601124
5000930473641
5000494566833
5001423048341
5000648090548
5000420782652
5000430382593
5000715317455
5000727010279
5001827291370
5000122419843
5000220967475
5000801126662
5001960825191
5000304938275
5001201606183
5000458901293
5001140255074
5000122962890
5000758023816
5001233281508
5000250144112
5001546593205
5000449933147
5000736480542
5002080211733
5001084823371
5000490233367
5001604929277
5001651752219
5000478439964
5000961700580
5001339720738
5000320404771
5001301483168
5001906659881
5000481639433
5001048084888
5001501839922
5002048265863
5001041498031
5000318200320
5000758497210
5000599679878
5000678954175
5001602202714
5000923564465
5000336162739
5002005162763
5000309685370
5001529136909
5001267225914
5001670609299
5001729287415
5000089905407
5001359171608
5000813662517
5000050059123
5001677574284
5000678189725
5001638993446
5000790106853
5001434488970
5001804697568
5000492995148
5000777542310
5000715612175
5001385402025
5001434133401
5000123616679
5001008837304
5001145175263
5001212200827
5000281940300
5001221696818
5000967271159
5000475161523
5001695517515
5001602362562
5001462646154
5000448603069
5002004179713
5000967433196
5001051033735
5001670987570
5001644437171
5002088479754
5000459015263
5000908265217
5000899739243
5001485098574
5001996787784
5001285334019
5001070852160
5001899291260
5001191277812
5000816145303
5000976054132
5002061700738
5001355659221
5001910516324
5000872367524
5001010117799
5001191618258
5000095570284
5002079478879
5001652648075
5000502706227
5000782889891
5000398092868
5001335272071
5000713586147
5001693687781
5000914794282
5001112068701
5000988477866
5000414000670
5000262244410
5000905355226
5001383644387
5001958282593
5000521166629
5001809221137
5001358691686
5001337548051
5000311276361
5000351635235
5000058398101
5000096856828
5000080103770
5001979299368
5001562785946
5002018391612
5001456134872
5000535152492
5000646419408
5000251220083
5000303084979
5000118031369
5001625812602
5000450477386
5001293570827
5002067930808
5000837747008
5001111173724
5000978984956
5001927935825
5001584144839
5000220053567
5000473460435
5001022618910
5000844393429
5001148421827
5002090110800
5002102201621
5001301683703
5000982084332
5000332057082
5001720862268
5000222380480
5000927181580
5000999472428
5000516010562
5001050548948
5002113107049
5002053102104
5000719821932
5001271827573
5001701280820
5001829465582
5000157178928
5000301357086
5001142104776
5001146133346
5000134832632
5000536798439
5000392563226
5000740375798
5000975786268
5001854677784
5000844379483
5000914031405
5001175296844
5000659472002
5000582835447
5001042443762
5001180715708
5001540006076
5001409205688
5002070339100
5000511721359
5001976358125
5001521438726
5000732883053
5001746756226
5001630435892
5000844701124
5002024884398
5001058723177
5002058420444
5002058332785
5000585047972
5001721129438
5000417739376
5000821650389
5001158237713
5001709465983
5001958546715
5000665297789
5001860073441
5001334873508
5000457388747
5001488698216
5000218945115
5001171060494
5000326097903
5000349188577
5001887090035
5000136235702
5000495875812
5001948221924
5001082710859
5001492466182
5001270123914
5000985171418
5000677103956
5000570343039
5001535939912
5001788664044
5001600496802
5000169588892
5000569708275
5001604879599
5000816814073
5001478653287
5001045031525
5001723575509
5000726665380
5000325541171
5001729612088
5001251717224
5000861577756
5000055113371
